well	par	per	pol	flo
A1	76	35	371	111
B1	53	28	304	81
C1	77	40	315	117
D1	53	29	293	82
E1	54	34	224	88
F1	54	30	282	84
G1	51	31	245	82
H1	52	28	306	80
I1	16	10	237	26
J1	18	7	426	25
K1	15	15	-4	30
L1	16	9	303	25
M1	16	7	377	23
N1	16	10	237	26
O1	16	9	269	25
P1	17	9	331	26
A2	108	85	120	193
B2	181	153	85	334
C2	110	85	129	195
D2	120	91	138	211
E2	105	81	129	186
F2	160	99	237	259
G2	106	84	118	190
H2	106	82	130	188
I2	70	61	73	131
J2	70	63	57	133
K2	71	63	58	134
L2	72	62	76	134
M2	65	60	41	125
N2	74	63	79	137
O2	75	64	75	139
P2	71	61	80	132
A3	1111	1064	22	2175
B3	1155	1112	19	2267
C3	1075	1028	22	2103
D3	1086	1046	19	2132
E3	1065	1023	20	2088
F3	1100	1057	20	2157
G3	1075	1029	22	2104
H3	1141	1098	19	2239
I3	1177	1147	13	2324
J3	1111	1082	13	2193
K3	1170	1140	13	2310
L3	1066	1036	14	2102
M3	1124	1091	15	2215
N3	1032	1002	15	2034
O3	1141	1109	14	2250
P3	1052	1031	10	2083
A4	5350	5134	21	10484
B4	5194	4991	20	10185
C4	5073	4874	20	9947
D4	5274	5063	20	10337
E4	5190	4997	19	10187
F4	5107	4909	20	10016
G4	5141	4949	19	10090
H4	4878	4704	18	9582
I4	5142	4967	17	10109
J4	4841	4674	18	9515
K4	4976	4828	15	9804
L4	4444	4314	15	8758
M4	5017	4881	14	9898
N4	4561	4438	14	8999
O4	5295	5165	12	10460
P4	5417	5302	11	10719
A5	15	8	310	23
B5	15	7	349	22
C5	14	8	279	22
D5	14	5	453	19
E5	13	5	477	18
F5	15	7	349	22
G5	14	9	241	23
H5	15	7	390	22
I5	15	9	274	24
J5	14	8	279	22
K5	15	10	206	25
L5	14	9	241	23
M5	14	7	318	21
N5	14	9	241	23
O5	14	8	279	22
P5	13	9	206	22
A6	15	10	206	25
B6	16	7	417	23
C6	14	7	318	21
D6	13	8	244	21
E6	14	7	318	21
F6	13	5	477	18
G6	14	9	206	23
H6	16	6	460	22
I6	15	7	390	22
J6	14	9	241	23
K6	15	6	434	21
L6	15	7	349	22
M6	15	7	390	22
N6	16	7	377	23
O6	15	9	239	24
P6	14	9	241	23
A7	15	9	239	24
B7	14	9	241	23
C7	14	8	279	22
D7	15	4	583	19
E7	15	5	480	20
F7	14	5	505	19
G7	13	9	171	22
H7	14	9	206	23
I7	15	9	274	24
J7	14	9	206	23
K7	14	7	361	21
L7	17	10	265	27
M7	14	9	206	23
N7	15	7	349	22
O7	15	7	349	22
P7	16	8	339	24
A8	14	8	279	22
B8	13	9	206	22
C8	14	6	405	20
D8	14	8	279	22
E8	15	8	310	23
F8	14	7	318	21
G8	13	9	171	22
H8	13	6	374	19
I8	15	8	310	23
J8	14	6	405	20
K8	14	11	142	25
L8	14	5	453	19
M8	14	8	279	22
N8	16	10	237	26
O8	14	7	318	21
P8	15	8	310	23
A9	14	10	173	24
B9	14	9	241	23
C9	13	7	328	20
D9	13	10	137	23
E9	15	9	274	24
F9	15	6	434	21
G9	13	9	206	22
H9	14	9	241	23
I9	14	9	206	23
J9	14	7	361	21
K9	14	7	318	21
L9	13	7	328	20
M9	14	8	279	22
N9	13	10	137	23
O9	13	7	328	20
P9	14	8	279	22
A10	13	11	75	24
B10	15	10	206	25
C10	13	7	328	20
D10	16	5	505	21
E10	14	7	361	21
F10	15	9	274	24
G10	13	6	374	19
H10	15	9	239	24
I10	15	7	349	22
J10	13	6	374	19
K10	15	9	239	24
L10	14	10	173	24
M10	14	9	206	23
N10	15	6	434	21
O10	13	9	206	22
P10	14	9	241	23
A11	16	6	460	22
B11	15	8	310	23
C11	14	8	279	22
D11	14	9	206	23
E11	14	9	241	23
F11	15	5	480	20
G11	14	9	241	23
H11	14	8	279	22
I11	13	4	534	17
J11	14	7	361	21
K11	15	7	349	22
L11	13	9	171	22
M11	13	7	328	20
N11	15	7	390	22
O11	14	6	405	20
P11	14	7	318	21
A12	15	8	310	23
B12	15	6	434	21
C12	14	7	318	21
D12	15	7	390	22
E12	13	4	534	17
F12	14	7	318	21
G12	13	5	424	18
H12	14	6	405	20
I12	14	11	112	25
J12	14	7	361	21
K12	14	6	405	20
L12	14	7	361	21
M12	14	5	453	19
N12	14	7	361	21
O12	14	5	453	19
P12	14	10	173	24
A13	13	11	105	24
B13	14	10	173	24
C13	15	13	65	28
D13	14	7	361	21
E13	14	7	318	21
F13	15	7	390	22
G13	13	9	171	22
H13	13	11	105	24
I13	13	7	285	20
J13	13	5	424	18
K13	15	9	239	24
L13	14	7	318	21
M13	14	9	241	23
N13	15	7	390	22
O13	14	7	318	21
P13	14	8	279	22
A14	14	7	361	21
B14	15	8	310	23
C14	14	9	241	23
D14	15	8	310	23
E14	15	8	310	23
F14	14	8	279	22
G14	16	7	377	23
H14	15	9	274	24
I14	83	80	21	163
J14	14	8	279	22
K14	14	7	318	21
L14	15	8	310	23
M14	14	8	279	22
N14	14	7	361	21
O14	14	9	241	23
P14	13	8	244	21
A15	16	9	269	25
B15	14	7	318	21
C15	15	7	390	22
D15	15	11	175	26
E15	14	11	142	25
F15	16	9	269	25
G15	14	7	361	21
H15	16	11	177	27
I15	15	8	310	23
J15	15	11	146	26
K15	12	9	131	21
L15	16	7	417	23
M15	14	10	173	24
N15	15	8	310	23
O15	14	9	206	23
P15	15	10	206	25
A16	15	7	390	22
B16	15	6	434	21
C16	13	5	424	18
D16	14	6	405	20
E16	13	6	374	19
F16	15	10	206	25
G16	15	9	274	24
H16	14	11	142	25
I16	15	5	530	20
J16	14	7	361	21
K16	15	8	310	23
L16	15	9	239	24
M16	15	7	349	22
N16	16	5	553	21
O16	14	7	318	21
P16	15	5	480	20
A17	15	8	310	23
B17	14	8	279	22
C17	16	9	303	25
D17	14	7	318	21
E17	14	10	173	24
F17	14	9	206	23
G17	16	11	206	27
H17	14	8	279	22
I17	13	8	244	21
J17	14	8	279	22
K17	14	7	318	21
L17	14	7	361	21
M17	13	8	244	21
N17	16	6	460	22
O17	14	11	112	25
P17	14	6	405	20
A18	14	7	318	21
B18	15	4	583	19
C18	15	5	530	20
D18	15	9	239	24
E18	16	9	269	25
F18	13	7	328	20
G18	14	11	142	25
H18	13	4	534	17
I18	15	5	480	20
J18	16	7	377	23
K18	17	7	442	24
L18	15	5	480	20
M18	15	7	349	22
N18	15	7	349	22
O18	15	10	206	25
P18	14	7	318	21
A19	17	5	574	22
B19	15	9	274	24
C19	14	10	173	24
D19	13	7	285	20
E19	14	8	279	22
F19	14	7	361	21
G19	14	9	241	23
H19	14	8	279	22
I19	14	9	241	23
J19	16	8	339	24
K19	12	7	248	19
L19	14	5	505	19
M19	15	9	274	24
N19	17	7	403	24
O19	14	12	83	26
P19	15	7	349	22
A20	15	7	349	22
B20	15	9	274	24
C20	14	11	112	25
D20	15	9	274	24
E20	14	7	318	21
F20	14	9	241	23
G20	15	4	583	19
H20	15	14	18	29
I20	13	7	328	20
J20	15	10	206	25
K20	14	6	405	20
L20	15	5	530	20
M20	14	9	241	23
N20	15	6	434	21
O20	15	8	310	23
P20	15	5	530	20
A21	13	11	105	24
B21	14	9	241	23
C21	14	8	279	22
D21	14	6	405	20
E21	17	5	574	22
F21	14	10	173	24
G21	15	7	349	22
H21	15	9	274	24
I21	13	9	171	22
J21	14	7	361	21
K21	14	8	279	22
L21	15	4	583	19
M21	14	9	241	23
N21	15	11	146	26
O21	14	10	173	24
P21	14	5	453	19
A22	14	6	405	20
B22	14	7	318	21
C22	14	8	279	22
D22	15	7	349	22
E22	15	9	239	24
F22	13	5	477	18
G22	15	10	206	25
H22	14	7	361	21
I22	13	11	105	24
J22	16	8	339	24
K22	12	9	131	21
L22	13	6	374	19
M22	15	9	239	24
N22	16	6	460	22
O22	14	7	318	21
P22	13	8	244	21
A23	16	11	206	27
B23	13	5	424	18
C23	15	9	274	24
D23	15	6	434	21
E23	13	10	137	23
F23	13	7	285	20
G23	14	10	173	24
H23	14	8	279	22
I23	14	7	361	21
J23	14	7	318	21
K23	14	3	684	17
L23	15	8	310	23
M23	14	10	173	24
N23	14	7	361	21
O23	14	9	206	23
P23	15	5	530	20
A24	15	5	530	20
B24	15	3	640	18
C24	14	7	318	21
D24	16	5	505	21
E24	14	9	206	23
F24	14	10	173	24
G24	13	5	477	18
H24	15	9	274	24
I24	15	11	146	26
J24	16	2	780	18
K24	14	5	505	19
L24	16	9	269	25
M24	14	8	279	22
N24	15	7	349	22
O24	15	7	349	22
P24	14	11	142	25
